0.000000 0.000000 0.000000
0.088762 1.310836 5.385129
0.934861 3.343769 0.591989
7.323500 1.762635 0.099735
9.424857 65.049027 0.665398
0.253336 1.606267 4.803791
5.988783 1.494951 0.140689
5.205284 1.590822 0.179925
0.000000 0.000000 0.000000
1.539981 1.310836 7.510611
4.758030 13.378257 1.725320
7.325520 1.762581 0.099720
8.975535 53.264418 0.631444
0.678984 1.508878 2.436848
5.990069 1.495752 0.141089
5.226421 1.634506 0.181220
0.000000 0.000000 0.000000
0.601906 1.701847 32.212310
4.099938 2.138752 0.187725
16.971263 126.893332 1.317089
9.910064 1.708673 0.125512
4.231661 2.144503 0.190560
9.053618 1.946894 0.094885
6.911299 2.272817 0.129570
